      0/54     10.4G   0.07036   0.01036   0.06048    0.1412        39       640 0.0001333  0.000681 1.713e-05 9.903e-06    0.1053   0.00967   0.06651
      1/54     11.8G   0.06308  0.005983   0.05227    0.1213        32       640         0         0         0         0    0.1356    0.4313     3.489
      2/54     11.8G   0.07049  0.005632   0.04987     0.126        28       640         0         0         0         0    0.1226    0.1054    0.5281
      3/54     11.8G   0.07059  0.005506   0.05214    0.1282        25       640   0.06931 0.0002606 4.922e-08 4.922e-09    0.1222  0.006862   0.09064
      4/54     11.8G    0.0649  0.006139   0.05146    0.1225        32       640  9.09e-05  0.002246 1.149e-05 4.054e-06   0.09925  0.009976   0.06121
      5/54     11.8G   0.05604  0.006013   0.04955    0.1116        24       640    0.3969   0.06075   0.01037  0.004823   0.08844  0.008721   0.06076
      6/54     11.8G   0.05219  0.006134   0.04873    0.1071        15       640    0.2588    0.0384   0.01144  0.005346   0.09057  0.008379    0.3998
      7/54     11.8G   0.05484  0.006113   0.04925    0.1102        49       640         0         0         0         0    0.1481     1.208     133.9
      8/54     11.8G   0.05184  0.006159   0.04889    0.1069        55       640    0.1449    0.1237   0.01378  0.007408   0.08676  0.007511    0.0645
      9/54     11.8G   0.04888  0.006181   0.04934    0.1044        33       640    0.7689   0.06885   0.02624   0.01487   0.07787  0.007799   0.05772
     10/54     11.8G   0.04698  0.006418   0.05026    0.1037        25       640    0.7485   0.06653   0.02825   0.01693   0.07213  0.007691   0.05689
     11/54     11.8G   0.04428   0.00649   0.04934    0.1001        39       640      0.72   0.09201   0.03756   0.02313   0.06756  0.007565   0.05603
     12/54     11.8G   0.04152  0.006368   0.04874   0.09662        31       640    0.8276   0.05874   0.03282   0.01959   0.06514   0.00785   0.05519
     13/54     11.8G   0.04031  0.006237   0.04776   0.09431        38       640    0.8517    0.0502   0.04344   0.02551    0.0626  0.007723   0.05539
     14/54     11.8G   0.04077  0.006389   0.04657   0.09373        34       640    0.6255    0.1261   0.04284   0.02646   0.06203   0.00749   0.05444
     15/54     11.8G   0.03893  0.006194   0.04551   0.09064        44       640    0.7354   0.08507   0.05435   0.03274   0.06043  0.007216   0.05558
     16/54     11.8G   0.03821  0.006457   0.04502   0.08969        42       640     0.734    0.1162   0.04695   0.02847   0.05785  0.007607   0.05349
     17/54     11.8G     0.038  0.006317   0.04379   0.08811        37       640    0.7823   0.09211   0.05143   0.03144   0.05573  0.007397    0.0531
     18/54     11.8G    0.0376  0.006231   0.04277    0.0866        40       640    0.7293    0.1058   0.05688   0.03414   0.05692  0.007277   0.05291
     19/54     11.8G   0.03677   0.00632   0.04198   0.08507        33       640    0.6829    0.1051   0.05646   0.03512   0.05554   0.00727   0.05234
     20/54     11.8G   0.03635   0.00599   0.04193   0.08427        44       640    0.6535     0.142   0.07085   0.04486   0.05587   0.00703   0.05303
     21/54     11.8G   0.03608  0.006257   0.04112   0.08346        56       640    0.8527   0.07219   0.06706   0.04152   0.05545  0.007041   0.05201
     22/54     11.8G   0.03578  0.006181   0.04099   0.08296        50       640    0.7669   0.09487   0.06489   0.04062   0.05407  0.006991   0.05154
     23/54     11.8G   0.03545  0.006155   0.03993   0.08153        44       640    0.7781   0.09786   0.06488   0.04053   0.05389  0.006877   0.05198
     24/54     11.8G   0.03494  0.006167   0.03973   0.08084        46       640    0.6346    0.1503    0.0799   0.05146    0.0541  0.006847   0.05134
     25/54     11.8G   0.03572  0.006093   0.03957   0.08138        61       640    0.6731    0.1162   0.07892   0.05052   0.05318  0.007018   0.05114
     26/54     11.8G   0.03473  0.006187   0.03936   0.08028        18       640    0.6211    0.1459    0.0914   0.05966   0.05337  0.007061   0.05086
     27/54     11.8G   0.03464  0.006022   0.03846   0.07912        26       640    0.5913    0.1745   0.09079   0.05914   0.05321  0.006882   0.05085
     28/54     11.8G   0.03393  0.006081   0.03799     0.078        31       640    0.6123    0.1746   0.09624   0.06159   0.05355  0.006973   0.05055
     29/54     11.8G   0.03405  0.006205   0.03784   0.07809        42       640    0.6297    0.1297    0.1076   0.06946   0.05293  0.006803   0.05009
     30/54     11.8G   0.03448  0.005969   0.03718   0.07763        31       640     0.695    0.1215   0.09937   0.06546   0.05292  0.007094   0.05024
     31/54     11.8G   0.03314   0.00636   0.03661   0.07611        35       640    0.5306    0.1876    0.1194   0.07859   0.05219   0.00688   0.04989
     32/54     11.8G   0.03283  0.005877   0.03644   0.07515        45       640    0.6704    0.1409    0.1158    0.0753   0.05177   0.00691   0.04981
     33/54     11.8G   0.03293   0.00578   0.03597   0.07468        42       640    0.4781    0.2375    0.1128    0.0716   0.05255  0.007017   0.05247
     34/54     11.8G    0.0329  0.006003   0.03457   0.07348        48       640    0.5329    0.1945    0.1169   0.07585   0.05148  0.006954   0.04974
     35/54     11.8G   0.03136  0.005935   0.03441   0.07171        36       640    0.5719    0.1786    0.1141   0.07682   0.05058  0.006934   0.04966
     36/54     11.8G   0.03175  0.005825   0.03429   0.07187        28       640    0.7894    0.1095    0.1214   0.07907   0.05096  0.006851   0.04944
     37/54     11.8G   0.03139  0.006042   0.03318   0.07062        39       640    0.5353    0.2044    0.1328   0.08924   0.04991  0.006863   0.04911
     38/54     11.8G   0.03193  0.005894   0.03364   0.07147        32       640    0.5354    0.2041     0.129   0.08598   0.05072  0.007027   0.04918
     39/54     11.8G   0.03165  0.005889   0.03363   0.07117        49       640    0.5022     0.241    0.1203   0.08108   0.05008  0.006916   0.04923
     40/54     11.8G   0.03115  0.005738   0.03368   0.07057        34       640    0.5359    0.2176    0.1274   0.08373   0.04953  0.006994   0.04897
     41/54     11.8G   0.03095  0.005787   0.03303   0.06977        30       640    0.5218    0.2048    0.1394   0.09287   0.04923  0.006869   0.04908
     42/54     11.8G   0.03037  0.005686   0.03166   0.06772        57       640    0.5816    0.2055    0.1412   0.09634   0.04902  0.006814   0.04895
     43/54     11.8G   0.03122  0.005842   0.03192   0.06899        44       640    0.6422    0.1621    0.1345   0.08756    0.0492  0.007066   0.04912
     44/54     11.8G   0.03049  0.005708   0.03234   0.06854        40       640    0.6673    0.1703    0.1462   0.09795   0.04838  0.007076   0.04853
     45/54     11.8G   0.03023  0.005723    0.0312   0.06716        27       640    0.5032    0.2617    0.1537    0.1053   0.04881  0.006878   0.04863
     46/54     11.8G   0.03044  0.005871   0.03144   0.06776        34       640    0.4148    0.3402    0.1523    0.1027   0.04836  0.006926    0.0486
     47/54     11.8G    0.0294  0.005802   0.03032   0.06552        49       640    0.5741    0.2249    0.1554     0.107   0.04903  0.006777   0.04825
     48/54     11.8G   0.02945  0.005632   0.03076   0.06585        43       640    0.4801    0.2767     0.145   0.09722   0.04822  0.006888   0.04851
     49/54     11.8G   0.02945  0.005822   0.03098   0.06625        31       640    0.5835    0.2109    0.1547    0.1051   0.04863  0.006825   0.04832
     50/54     11.8G   0.02917  0.005531   0.03033   0.06504        32       640    0.5433    0.2546    0.1667    0.1158   0.04802  0.006787   0.04836
     51/54     11.8G   0.02929  0.005664   0.03026   0.06521        29       640    0.5602     0.228    0.1629    0.1105    0.0476  0.006834   0.04814
     52/54     11.8G   0.02968  0.005739   0.03075   0.06617        59       640     0.646     0.195    0.1695    0.1164    0.0478  0.006723   0.04817
     53/54     11.8G   0.02858  0.005759   0.02939   0.06372        43       640    0.4843    0.2593    0.1694    0.1148   0.04788  0.006815   0.04837
     54/54     11.8G   0.02794  0.005811   0.02909   0.06284        37       640    0.4748    0.2938    0.1726    0.1168   0.04758  0.006653   0.04812
